5
10
657255929 108680109 434271570 50080970 376344508 85894935 30745709 91241375 687405800 770163072
69172205 56822145 464672611 975372767 757213245 606151895 865881148 140305280 584051144 959295181
10
500677877 423408624 737529381 622885688 323603577 211002759 179353009 858696307 753000719 811067979
100710313 268492360 921370414 374043741 450664169 375001951 874999570 996368672 591541887 945784069
10
888024762 972940294 693567329 728400783 335852432 750100263 695350606 504461292 145036072 39570467
687721536 905438125 984998642 94600788 128406545 609092274 386737071 889606106 896273613 943756283
10
997940393 720591258 384185189 395307648 708146394 224624636 398273907 76248892 329975501 517150866
206754326 66425012 800859714 428034789 403682674 127221733 2907943 79943062 396474072 449597003
10
122564586 416056225 314537005 587494805 187248360 501247666 572992565 34216977 655064587 518809421
161506380 657819673 61368856 19282254 596323602 567423202 314136779 165107623 390374464 618201375
