5
100
706723485 874561268 786319837 163270135 738536138 805838281 577163092 163741850 594784255 427156992 906774653 271171313 290989923 273946734 145540450 601358246 277003717 245431615 223505513 732238889 571808067 851801880 535911226 850143774 492146671 679135669 941003432 552460496 937810602 507374568 272703385 513710403 228268658 24867914 186092179 103541356 356390528 164933727 623588375 699010996 28705405 127068208 702708171 806707061 379734466 940338226 296849170 749559196 659012223 221498015 773853473 289293035 630657820 689759704 69255918 888048065 356061290 823177099 819853330 21808433 538905363 241758285 43333977 487268202 286893667 292162552 590206661 663055284 455641298 205670836 81023398 994079233 431348065 560216121 582018565 589240103 848489904 586218592 21369297 551236955 250968049 754658123 784982546 700401180 23347281 679988787 74675311 617367000 230632511 77310338 248124220 937096716 988257676 736793027 236121072 759971372 606800614 172838803 912602815 608045951
148055030 345061625 569734265 72514240 798349189 371323884 143704802 487236767 211042426 803443831 355532846 896171811 279521265 468877209 441044286 795417982 823137220 666887484 686255998 832042355 554851631 618374447 384204309 258127917 869343282 102290950 559076436 320829948 445076899 40816069 404444514 229988712 679934275 118027545 917263877 732007674 955706655 840718431 767101824 656281662 690146054 349729019 452471613 237887834 512933949 122639314 230849827 70283959 567571248 178668253 651262662 530843811 276416498 88897211 875050918 142125437 38586517 619266491 191775012 843831548 86106855 181400161 1549725 541026841 164233233 3602333 727642960 901285293 499741937 224958447 594593990 777822448 803087965 840035154 118921135 456223485 690440370 91427720 223699906 40616940 795666421 909149675 308442881 673892999 69247049 964379961 854614308 820780904 966772238 459450037 24931132 170143533 814984981 801461307 522024931 881897403 667654837 301569980 568741912 490952906
100
20609552 341975725 945270695 640692172 377005872 363347058 177294912 186038381 510030063 194347617 151927231 739074165 400941813 264091878 66504547 976698722 912383670 789867952 781845260 40866869 3710422 490466281 772072625 965634935 525064909 480242401 11290189 559195851 9357252 347927315 975331299 252722727 490231653 794564438 551929390 484122687 576855771 604171486 444311393 131738029 145191196 820937977 571566511 273738129 73389124 636598485 781580787 775397585 53321373 959443006 458170950 145792507 143469781 283642968 603173592 54804678 33991156 99200231 999182012 236647085 490646399 497536680 104743478 41512005 655282456 8167220 788346237 141357651 907581855 703382723 871572556 286318269 660559145 483679997 108974383 903001587 323590089 962339119 481875731 826785978 445500349 513241255 659465321 511655128 166020868 582395950 383232892 449601138 760065624 609239130 307004233 751897019 947074995 213547830 389202277 187653839 40835866 398012945 430213624 293096753
397469804 791629730 711600276 446523611 563560947 954551571 476256482 596857287 60964569 926934046 730570265 983195995 198688508 364596982 30293661 475906194 2098772 926313828 873898492 881300798 133973629 687474491 473856959 321918434 672949584 386865379 920429203 311133499 434537453 383218669 628843361 531835200 881338824 308335476 118239501 35156142 189258978 246748990 911355515 135189179 919050817 379500653 439343975 793695728 248569236 7951749 869398570 437667230 485069134 322826930 718953656 883545257 19020752 691789611 282653398 628348676 81596618 695755760 988666628 389891721 229557996 417300633 529433327 740122847 151626336 302076273 878634031 569763340 106368604 908771386 545269589 61807034 579604192 308517140 321790424 336660448 441519780 438187475 841930079 819496169 346337744 142268509 485934131 382249311 860308557 212345871 786482149 705421437 772342115 676657545 298171855 494404756 148086627 739595716 586833114 514253307 836884507 55536873 456343110 101983928
100
951666330 947607922 566170270 517732563 207311677 781002156 350216358 909725039 155663275 793603502 873841206 299992269 724369456 853584343 467790707 36302658 188351756 619562161 205048903 472754722 699932959 49716944 834931666 969451768 333543052 238869177 209783753 345344076 91815421 315222911 628986309 216288113 16392840 897702627 418512116 842508285 89163971 244640731 768043759 938702437 346493259 258294280 565252129 493012603 814760178 796296415 455135473 396697754 684088325 702593545 298444213 22222552 956341735 893639656 377808105 711467551 416568831 480159185 644536490 516487594 218269290 194361691 174395333 385660892 499340566 154150792 632533260 451022692 493072496 799477909 468412324 562660989 112413505 27781595 216574117 242573725 331873344 864799323 268677628 262877402 278657308 170907817 140310963 553004649 945960832 738832895 350676757 526280535 441116040 958056224 728354835 673803980 174951108 507810539 715059440 468109933 770205292 585898845 928825144 855027350
786338474 475595108 489429310 316004722 928181189 169602738 248370195 664444338 646389641 664190904 644478228 337379647 626318089 404734860 949559363 669018993 168433886 239269508 859654810 765820517 354640438 861566361 529217771 480171098 791840132 887654320 779873663 580907487 487075348 397990443 284516714 935999941 461575992 283011040 377184572 978416997 320205371 356384185 145187949 166106285 622460338 889831035 950961190 603489208 233861142 628108562 760166218 242983554 889845948 890068856 150465030 720749659 155673978 853223443 551076654 788528281 73358623 747278450 311859332 774776332 544680479 743014327 100665748 936749287 101209506 668938394 707602379 308303970 120173423 768349923 685956745 378312771 336497905 35404264 429138613 224480926 392581041 798550235 949472819 869413977 112161249 705777625 886389603 993142618 601877145 353674853 447347824 719315757 3366147 911305173 970436945 527274390 89917591 160067613 877960023 153771954 221459494 52618905 76454584 676162341
100
318852120 893948632 397724863 216920057 880529119 809342364 393919424 824289211 39747179 910918661 422490367 487118710 597555798 608039753 431048899 603681989 434993221 788948748 897460771 705318999 295464348 794295538 37755773 566987364 677902131 619217570 146642983 931550338 41330797 870701201 798309811 851398791 512729613 198334936 721459179 331893790 685430491 250824837 170928631 809018378 322902531 529305069 601560500 138980584 278427366 716603516 447963950 753530430 470168808 921539086 979269435 184421090 437333768 654155997 483049662 958918021 339527686 199676672 392143869 443732738 353663035 124840343 160271842 287376581 113029067 204249418 841180633 414774415 215440880 756359747 906017350 5445753 12080494 325820745 229132201 925625591 310416609 714842591 565477390 345671445 420650055 378091335 998325117 813936430 199455568 610348406 195794755 975621751 930049669 189203168 147860138 282248179 525066901 896450906 262556116 729323783 288856827 400195632 534881622 914996306
786727935 676534411 157685057 941522745 603666969 41588094 40328978 221689420 57067305 240489278 762930825 564658416 608614012 879058349 616550367 24147903 250091149 887252264 620719068 910116480 817154368 118504850 975891051 756836383 962075273 630148944 509810464 268423888 502726430 878186041 683128831 465786885 888815211 1538472 535769300 404584915 168027534 741253297 326639083 286291978 479314655 541180892 493062331 737088484 299834918 199006273 640797009 554716401 638875428 972675797 927475473 55257288 717937074 378228153 976960634 236408293 667172551 922892900 647674119 982674110 791802982 414826630 880990732 50315544 38157703 716314186 368748873 656146547 978410598 266134676 336018307 248990203 556759110 449079763 205747398 738899793 467763392 252819904 685904022 474669525 193227790 707916990 481668529 555809531 135228928 833084248 27276992 316464527 359777236 767534983 367463315 215369696 255357068 134920957 780962737 273379713 913120862 734279922 626516571 298928141
100
906000026 149840121 965126938 975665290 28892781 954610762 865870467 495370882 598124006 279969457 838873496 634556080 28303691 872631239 742139764 161327893 65435482 912652073 628013350 767946133 460641024 433425158 992973009 308110651 32600003 410409788 402594812 989987127 905480348 780127195 459013956 856664291 280979721 797209306 44298907 45176286 653981453 713389334 385611236 101472350 642180756 157648820 288091437 841295012 242303523 285968188 91245885 628001513 601062888 39693782 472494373 611857804 799965158 880326827 268328844 397850074 923753673 274714327 488818995 466521847 3396995 918949677 639752950 361659221 280087726 616844072 632514248 843921692 810255242 425073353 273545666 800287883 437057052 182351312 332867338 103317768 851525220 299127397 364797994 548628862 675265421 403285691 931571426 669347341 121384566 201747097 781588342 541845130 231703781 823179271 681891084 903574776 339514688 866017492 883069812 610585207 560723626 36563028 712435185 919170283
400557355 900838227 289383789 293172546 488017699 316226355 443805924 526779881 701855595 466980862 899164137 144123793 967269855 635951668 513980424 685682856 145146300 433158970 802434814 213435592 608480217 968233652 515831727 382726068 819661344 884475087 184228161 16490898 713113695 13941096 205923452 724523616 10791787 891271966 812808929 366019636 964961196 762182493 343440147 217670605 524911468 944715365 795870501 874536032 662346557 524700289 488090409 256769249 911638850 176625461 27463841 903206211 781695227 303952256 350712775 170595345 611548783 352321458 601066055 214538812 552320160 981767656 506977964 838864536 78178909 301513671 571318054 858469571 532613505 558668153 608116135 212208597 144784817 808834020 17731802 177456454 434231035 573338051 391930046 342304965 627604204 824535924 703583015 99760143 528493343 932441700 262821532 574631027 172861811 438699699 717566011 847166665 64399192 752704328 462786537 758590552 657667653 564438035 35177324 215617498
