376301175 4999900000 3333266667 6666533333
76272989 55198 36799 73597
76277196 125642 83762 167522
76275550 98718 65812 131624
76272692 50294 33530 67058
376286088 4999647448 3333098299 6666196597
376291345 4999735364 3333156910 6666313818
376297877 4999845411 3333230274 6666460548
76273570 64631 43088 86174
376298844 4999861514 3333241010 6666482018
76274553 81631 54421 108841
376285251 4999633982 3333089322 6666178642
76279532 164511 109674 219348
376299762 4999876566 3333251044 6666502088
76276252 109188 72792 145584
76283137 223362 148908 297816
376296568 4999823436 3333215624 6666431248
76274620 81523 54349 108697
376296623 4999823528 3333215686 6666431370
376296102 4999815523 3333210349 6666420697
376299307 4999868342 3333245562 6666491122
376294328 4999784903 3333189936 6666379870
376290750 4999725799 3333150533 6666301065
376291459 4999737741 3333158494 6666316988
376300939 4999896089 3333264060 6666528118
376295896 4999812005 3333208004 6666416006
76277421 129642 86428 172856
76277264 127020 84680 169360
376300212 4999883880 3333255920 6666511840
76276726 116601 77734 155468
376295364 4999803932 3333202622 6666405242
76284572 249424 166283 332565
376286207 4999650971 3333100648 6666201294
76289317 328111 218741 437481
76272678 50019 33346 66692
76276367 111393 74262 148524
376288228 4999684733 3333123156 6666246310
376300788 4999893610 3333262407 6666524813
376287647 4999673609 3333115740 6666231478
376293739 4999774977 3333183318 6666366636
76274251 76379 50920 101838
76273010 55765 37177 74353
376297943 4999845348 3333230232 6666460464
376288386 4999687235 3333124824 6666249646
76273191 58663 39109 78217
376288765 4999693334 3333128890 6666257778
76274720 83495 55664 111326
76281409 195328 130219 260437
76275116 91224 60816 121632
76274905 87006 58004 116008
376295531 4999805502 3333203668 6666407336
376300841 4999894459 3333262973 6666525945
76288856 318867 212578 425156
376300832 4999894204 3333262803 6666525605
376300595 4999890661 3333260441 6666520881
376300847 4999894434 3333262956 6666525912
376299198 4999866537 3333244358 6666488716
376294630 4999789843 3333193229 6666386457
376299868 4999878448 3333252299 6666504597
76285465 262760 175174 350346
376299072 4999865290 3333243527 6666487053
376291053 4999731368 3333154246 6666308490
376295311 4999802881 3333201921 6666403841
376294532 4999790540 3333193694 6666387386
76275966 105213 70142 140284
76273000 55492 36995 73989
76278645 149195 99464 198926
376291064 4999732837 3333155225 6666310449
76279480 162579 108386 216772
76273030 56126 37418 74834
76285028 255942 170628 341256
376299586 4999872976 3333248651 6666497301
376291128 4999730860 3333153907 6666307813
376300511 4999889211 3333259474 6666518948
76274057 72941 48628 97254
376298433 4999854353 3333236236 6666472470
76280062 171733 114489 228977
76277764 135889 90593 181185
76275976 104612 69742 139482
376297792 4999844562 3333229708 6666459416
76276302 110201 73468 146934
376299864 4999878141 3333252094 6666504188
376297762 4999842827 3333228552 6666457102
376297952 4999845424 3333230283 6666460565
376300339 4999886181 3333257454 6666514908
76272743 51073 34049 68097
76286847 284571 189714 379428
376298455 4999855188 3333236792 6666473584
76287266 296002 197335 394669
76278227 143159 95440 190878
76280690 184171 122781 245561
76284085 239245 159497 318993
376294414 4999786795 3333191197 6666382393
376291559 4999739790 3333159860 6666319720
76275656 100426 66951 133901
376293598 49997748493333183233 6666366465
76282635 215924 143950 287898
76272720 50714 33810 67618
76278167 142096 94731 189461
76278340 145511 97008 194014
